1
15 3
Accipitridae 12.30 7.03 25.32 88.59
Accipitridae 21.38 7.57 22.18 88.71
Passeridae 16.57 7.05 25.88 89.27
Passeridae 13.34 6.24 21.37 88.95
Passeridae 15.75 6.58 22.16 89.35
Accipitridae 15.16 5.17 22.43 89.04
Cathartidae 18.61 6.68 23.37 88.83
Accipitridae 21.32 8.14 20.09 88.55
Cathartidae 18.35 7.01 20.64 88.14
Cathartidae 13.61 5.33 23.72 90.21
Cathartidae 16.88 6.63 24.59 88.48
Accipitridae 15.63 8.66 23.19 88.51
Passeridae 17.29 7.62 26.46 89.31
Passeridae 20.03 8.68 20.97 89.05
Cathartidae 19.19 7.74 22.31 88.09
19.37 15.35 17.30 15.28
12.76 21.96 14.41 16.84
20.33 15.51 16.29 17.10 
